1.169280410003226800e+00
1.165900382475547836e+00
1.162515284260349668e+00
1.159125792852032877e+00
1.155732625293259375e+00
1.152336538879934702e+00
1.148938324549345635e+00
1.145538571904218150e+00
1.142138630249593056e+00
1.138739204885979905e+00
1.135341593226378842e+00
1.131946679107101339e+00
1.128554436256783422e+00
1.125167187287465564e+00
1.121785677180352492e+00
1.118411066782529550e+00
1.115044553665748062e+00
1.111687368892268157e+00
1.108340776520684523e+00
1.105006070252394279e+00
1.101684572303279097e+00
1.098377629149670298e+00
1.095086608914972004e+00
1.091812897854260056e+00
1.088557879114922633e+00
1.085323010756365170e+00
1.082109665996839887e+00
1.078919275359885965e+00
1.075753281667439554e+00
1.072613006463587704e+00
1.069499915891271469e+00
1.066415354503553292e+00
1.063360663764946201e+00
1.060337152502254021e+00
1.057346089817097878e+00
1.054388698096922150e+00
1.051466147091096204e+00
1.048579546122781592e+00
1.045729937061843584e+00
1.042918287513853404e+00
1.040145482914826003e+00
1.037412319435543573e+00
1.034719497882798045e+00
1.032067614883591000e+00
1.029457156652618277e+00
1.026888492705829492e+00
1.024361870497121352e+00
1.021877408799270581e+00
1.019435094614602244e+00
1.017034778255709204e+00
1.014676171373545488e+00
1.012358845940729335e+00
1.010082235385921789e+00
1.007845635734224254e+00
1.005648211106624501e+00
1.003488999591861885e+00
1.001366923648682628e+00
9.992808026917652242e-01
9.972293651056017838e-01
9.952112647438979831e-01
9.932251023828871928e-01
9.912694461141686730e-01
9.893428548111575793e-01
9.874439033249169384e-01
9.855712102670027841e-01
9.837234629749194159e-01
9.818994467780296498e-01
9.800980681391164850e-01
9.783183840646013651e-01
9.765596234571207734e-01
9.748212061942410633e-01
9.731027597364034776e-01
9.714041289051207340e-01
9.697253835930277344e-01
9.680668184623295591e-01
9.664289403604954254e-01
9.648124804257113274e-01
9.632183095715735055e-01
9.616474935666654567e-01
9.601011927039444505e-01
9.585806418972591114e-01
9.570870918803725536e-01
9.556217420412628227e-01
9.541856578145497814e-01
9.527796657706110173e-01
9.514042152120267826e-01
9.500591877701642929e-01
9.487436279421662677e-01
9.474553543301881264e-01
9.461903950543956165e-01
9.449421880462556267e-01
9.437005366340978085e-01
9.424506985392911984e-01
9.411728750869386984e-01
9.398469662748348830e-01
9.384674480163609500e-01
9.370774818406354401e-01
9.358075555027354220e-01
9.348539231720844889e-01
9.342581269361996954e-01
