1.000000000000000056e-01
9.900900900900901080e-02
9.801801801801802994e-02
9.702702702702703519e-02
9.603603603603604044e-02
9.504504504504504570e-02
9.405405405405406483e-02
9.306306306306307008e-02
9.207207207207207533e-02
9.108108108108108059e-02
9.009009009009009972e-02
8.909909909909910497e-02
8.810810810810811022e-02
8.711711711711711548e-02
8.612612612612613461e-02
8.513513513513513986e-02
8.414414414414414511e-02
8.315315315315316425e-02
8.216216216216216950e-02
8.117117117117117475e-02
8.018018018018018001e-02
7.918918918918918526e-02
7.819819819819820439e-02
7.720720720720720964e-02
7.621621621621621490e-02
7.522522522522523403e-02
7.423423423423423928e-02
7.324324324324324453e-02
7.225225225225226366e-02
7.126126126126126892e-02
7.027027027027027417e-02
6.927927927927927942e-02
6.828828828828828468e-02
6.729729729729730381e-02
6.630630630630630906e-02
6.531531531531531432e-02
6.432432432432433345e-02
6.333333333333333870e-02
6.234234234234234395e-02
6.135135135135135614e-02
6.036036036036036140e-02
5.936936936936937359e-02
5.837837837837837884e-02
5.738738738738739104e-02
5.639639639639639629e-02
5.540540540540540848e-02
5.441441441441441373e-02
5.342342342342342593e-02
5.243243243243243812e-02
5.144144144144144337e-02
5.045045045045045556e-02
4.945945945945946082e-02
4.846846846846847301e-02
4.747747747747747826e-02
4.648648648648649045e-02
4.549549549549549571e-02
4.450450450450450790e-02
4.351351351351351315e-02
4.252252252252252535e-02
4.153153153153153060e-02
4.054054054054054279e-02
3.954954954954954804e-02
3.855855855855856024e-02
3.756756756756756549e-02
3.657657657657657768e-02
3.558558558558558294e-02
3.459459459459460207e-02
3.360360360360360732e-02
3.261261261261261257e-02
3.162162162162161783e-02
3.063063063063063696e-02
2.963963963963964221e-02
2.864864864864864746e-02
2.765765765765765272e-02
2.666666666666667185e-02
2.567567567567567710e-02
2.468468468468468235e-02
2.369369369369368761e-02
2.270270270270270674e-02
2.171171171171171199e-02
2.072072072072071725e-02
1.972972972972973638e-02
1.873873873873874163e-02
1.774774774774774688e-02
1.675675675675675214e-02
1.576576576576577127e-02
1.477477477477477652e-02
1.378378378378378177e-02
1.279279279279278703e-02
1.180180180180180616e-02
1.081081081081081141e-02
9.819819819819816664e-03
8.828828828828821917e-03
7.837837837837841048e-03
6.846846846846846302e-03
5.855855855855851555e-03
4.864864864864870686e-03
3.873873873873875939e-03
2.882882882882881193e-03
1.891891891891886446e-03
